Epoch: [24] [3161/3165] time: 74632.8951, d_loss: 0.41801447, g_loss: 2.10378075
Epoch: [24] [3162/3165] time: 74633.8019, d_loss: 0.88485384, g_loss: 1.06221223
Epoch: [24] [3163/3165] time: 74634.7098, d_loss: 0.60673594, g_loss: 1.37914467
Epoch: [24] [3164/3165] time: 74635.6138, d_loss: 0.48176536, g_loss: 1.78772521
 [*] 0

