
Epoch: [24] [3163/3165] time: 74685.8303, d_loss: 1.45247149, g_loss: 0.62761593
Epoch: [24] [3164/3165] time: 74689.8793, d_loss: 2.91644502, g_loss: 0.10603187

