Epoch: [24] [3162/3165] time: 76334.8221, d_loss: 1.18271804, g_loss: 0.79405165
Epoch: [24] [3163/3165] time: 76335.7771, d_loss: 1.05526173, g_loss: 0.89518809
Epoch: [24] [3164/3165] time: 76336.7425, d_loss: 1.43022275, g_loss: 0.54013878

